2316436
2319545
2319561
2319572
2319576
2319587
2319591
2319594
2319603
2319610
2319614
2319617
2319641
2319647
2319666
2319680
2319691
2319694
2319698
2319699
2319734
2319736
2319738
2319747
2319772
2319775
2319790
2319798
2319831
2319834
2319842
2319869
2319911
2319915
2319935
2319937
2319954
2319956
2319979
2319987
2319988
2319990
2320013
2320016
2320036
2320088
2320115
2320119
2320126
2320134
2320137
2320139
2320147
2320163
2320165
2320176
2320212
2320234
2320248
2320256
2320259
2320264
2320272
2320277
2320290
2320291
2320344
2320345
2320349
2320354
2320355
2320367
2320377
2320384
2320407
2320445
2320446
2320450
2320465
2320468
2320469
2320471
2320473
2320479
2320480
2320488
2320495
2320498
2320516
2320540
2320545
2320547
2321944
2321947
2321948
2321950
2321967
2321972
2321978
2321979
2321987
2322007
2322011
2322051
2322063
2322083
2322098
2322102
2322126
2322129
2322149
2322154
2322160
2322193
2322194
2322203
2322204
2322208
2322212
2322214
2322232
2322236
2322254
2322285
2322291
2322292
2322293
2322302
2322315
2322330
2322334
2322349
2322366
2322392
2322406
2322414
2322458
2322477
2322481
2322520
2322525
2322557
2322563
2322583
2322596
2322598
2322599
2322600
2322616
2322620
2322627
2322630
2322640
2322642
2322648
2322659
2322660
2322663
2322668
2322670
2322674
2322711
2322716
2322720
2322723
2322744
2322747
2322750
2322759
2322765
2322766
2322785
2322793
2322830
2322836
2322844
2322862
2322865
2322866
2322870
2322884
2322897
2322914
2322926
2322946
2322982
2322983
2322997
2323007
2323015
2323023
2323034
2323050
2323055
2323063
2323065
2323069
2323100
2323102
2323106
2323108
2323119
2323120
2323125
2323130
2323131
2323132
2323151
2323155
2323159
2323165
2323174
2323181
2323190
2323192
2323197
2323207
2323216
2323228
2323230
2323259
2323265
2323281
2323285
2323296
2323312
2323324
2323331
2323334
2323354
2323364
2323366
2323371
2323372
2323385
2323397
2323408
2323416
2323419
2323425
2323429
2323441
2323458
2323496
2323510
2323524
2323553
2323563
2323604
2323607
2323619
2323621
2323627
2323639
2323652
2323658
2323668
2323676
2323678
2323698
2323700
2323716
2323719
2323726
2323744
2323768
2323796
2323805
2323823
2323832
2323863
2323874
2323889
2323892
2323906
2323912
2323917
2323920
2323926
2323928
2323942
2323943
2323987
2323988
2323989
2323995
2324016
2324025
2324026
2324029
2324044
2324049
2324050
2324061
2324063
2324085
2324111
2324115
2324139
2324140
2324141
2324144
2324150
2324155
2324167
2324170
2324171
2324218
2324219
2324235
2324245
2324265
2324279
2324296
2324297
2324306
2324311
2324326
2324330
2324342
2324345
2324350
2324360
2324361
2324365
2324376
2324380
2324385
2324400
2324403
2324407
2324444
2324453
2324457
2324461
2324462
2324472
2324477
2324488
2324504
2324514
2324526
2324529
2324532
2324561
2324564
2324568
2324573
2324596
2324610
2324613
2324616
2324622
2324630
2324641
2324645
2324662
2324689
2324691
2324694
2324697
2324699
2324707
2324708
2324710
2324717
2324723
2324743
2324753
2324761
2324766
2324789
2324812
2324814
2324817
2324819
2324825
2324829
2324843
2324878
2324881
2324886
2324904
2324906
2324919
2324941
2324942
2324957
2324961
2324963
2324964
2324976
2324987
2324997
2325005
2325009
2325018
2325019
2325036
2325042
2325062
2325076
2325088
2325108
2325151
2325152
2325154
2325155
2325163
2325166
2325181
2325187
2325195
2325202
2325230
2325240
2325243
2325247
2325267
2325287
2325291
2325296
2325300
2325322
2325326
2325344
2325352
2325362
2325371
2325376
2325406
2325419
2325438
2325453
2325456
2325473
2325475
2325476
2325482
2325486
2325490
2325508
2325537
2325593
2325602
2325612
2325618
2325639
2325665
2325673
2325691
2325693
2325694
2325710
2325720
2325729
2325732
2325733
2325739
2325749
2325751
2325758
2325759
2325762
2325819
2325839
2325840
2325843
2325846
2325864
2325874
2325894
2325916
2325939
2325947
2325950
2325954
2325961
2325965
2325974
2325994
2326012
2326018
2326020
2326025
2326033
2326047
2326057
2326061
2326087
2326104
2326110
2326132
2326150
2326152
2326154
2326156
2326185
2326228
2326230
2326231
2326249
2326256
2326261
2326316
2326318
2326327
2326329
2326334
2326340
2326376
2326397
2326400
2326413
2326421
2326422
2326435
2326448
2326455
2326471
2326476
2326479
2326495
2326497
2326536
2326537
2326545
2326561
2326569
2326589
2326612
2326640
2326647
2326672
2326691
2326694
2326698
2326707
2326718
2326722
2326725
2326731
2326735
2326738
2326745
2326751
2326773
2326780
2326802
2326818
2326832
2326837
2326863
2326865
2326874
2326884
2326910
2326912
2326916
2326964
2326972
2326977
2326981
2326984
2326986
2326998
2327005
2327012
2327016
2327042
2327043
2327061
2327064
2327074
2327076
2327085
2327108
2327119
2327122
2327143
2327162
2327168
2327174
2327182
2327236
2327237
2327245
2327247
2327254
2327257
2327258
2327260
2327286
2327293
2327295
2327305
2327309
2327335
2327367
2327375
2327391
2327403
2327411
2327413
2327468
2327474
2327476
2327498
2327506
2327510
2327520
2327524
2327534
2327537
2327559
2327568
2327572
2327573
2327585
2327595
2327601
2327618
2327643
2327666
2327667
2327688
2327691
2327692
2327719
2327732
2327741
2327753
2327774
2327799
2327802
2327807
2327819
2327828
2327830
2327833
2327840
2327888
2327898
2327902
2327905
2327910
2327918
2327920
2327940
2327971
2327983
2327993
2327998
2328000
2328008
2328016
2328020
2328036
2328040
2328069
2328076
2328092
2328101
2328105
2328124
2328129
2328133
2328135
2328136
2328148
2328151
2328171
2328179
2328185
2328186
2328204
2328206
2328229
2328234
2328261
2328289
2328291
2328299
2328321
2328324
2328338
2328370
2328371
2328376
2328383
2328404
2328411
2328424
2328425
2328454
2328457
2328465
2328468
2328480
2328481
2328489
2328507
2328513
2328514
2328515
2328521
2328529
2328533
2328553
2328585
2328596
2328598
2328600
2328601
2328616
2328636
2328639
2328656
2328664
2328667
2328684
2328686
2328693
2328700
2328706
2328718
2328720
2328742
2328744
2328772
2328788
2328820
2328832
2328833
2328855
2328856
2328867
2328871
2328877
2328888
2328896
2328904
2328908
2328914
2328915
2328929
2328939
2328963
2328966
2328971
2328977
2328993
2328994
2329006
2329009
2329022
2329032
2329045
2329047
2329056
2329078
2329080
2329095
2329119
2329125
2329151
2329152
2329169
2329170
2329184
2329237
2329241
2329252
2329259
2329261
2329262
2329269
2329287
2329293
2329300
2329305
2329307
2329328
2329351
2329357
2329367
2329386
2329401
2329413
2329424
2329439
2329446
2329455
2329462
2329482
2329484
2329490
2329524
2329526
2329537
2329555
2329559
2329592
2329603
2329618
2329636
2329658
2329659
2329675
2329684
2329689
2329699
2329700
2329702
2329706
2329750
2329788
2329790
2329817
2329844
2329882
2329886
2329909
2329910
2329931
2329942
2329945
2329946
2329965
2329967
2329978
2329980
2329984
2329993
2330015
2330019
2330024
2330026
2330039
2330045
2330046
2330050
2330051
2330058
2330061
2330071
2330072
2330093
2330122
2330127
2330129
2330133
2330145
2330161
2330172
2330176
2330188
2330201
2330227
2330232
2330241
2330246
2330253
2330278
2330281
2330290
2330294
2330296
2330308
2330309
2330311
2330318
2330349
2330382
2330389
2330428
2330431
2330450
2330464
2330475
2330481
2330489
2330531
2330534
2330540
2330546
2330557
2330560
2330564
2330585
2330595
2330610
2330641
2330644
2330659
2330660
2330669
2330674
2330695
2330714
2330715
2330717
2330723
2330746
2330763
2330766
2330773
2330779
2330796
2330802
2330805
2330816
2330829
2330831
2330842
2330855
2330870
2330875
2330884
2330891
2330895
2330922
2330923
2330946
2330958
2330959
2330966
2330973
2330979
2330980
2330987
2331001
2331004
2331011
2331029
2331031
2331059
2331068
2331071
2331094
2331100
2331101
2331109
2331123
2331125
2331131
2331140
2331164
2331168
2331171
2331180
2331197
2331207
2331231
2331250
2331254
2331282
2331303
2331312
2331342
2331362
2331370
2331375
2331395
2331406
2331407
2331412
2331415
2331424
2331430
2331436
2331447
2331496
2331542
2331544
2331549
2331557
2331560
2331568
2331584
2331585
2331586
2331595
2331596
2331604
2331608
2331628
2331629
2331640
2331644
2331650
2331668
2331699
2331707
2331723
2331730
2331743
2331761
2331762
2331797
2331814
2331829
2331837
2331849
2331861
2331864
2331868
2331871
2331878
2331922
2331934
2331957
2331958
2331961
2331967
2331968
2331977
2332004
2332024
2332083
2332098
2332105
2332124
2332131
2332133
2332142
2332159
2332160
2332170
2332171
2332174
2332181
2332184
2332196
2332199
2332201
2332205
2332211
2332223
2332227
2332234
2332247
2332252
2332262
2332264
2332267
2332308
2332336
2332384
2332398
2332434
2332467
2332470
2332494
2332502
2332519
2332533
2332536
2332545
2332548
2332552
2332565
2332567
2332573
2332591
2332592
2332601
2332606
2332608
2332612
2332621
2332625
2332633
2332652
2332653
2332657
2332659
2332674
2332690
2332697
2332702
2332743
2332753
2332760
2332764
2332769
2332789
2332802
2332804
2332841
2332861
2332866
2332872
2332874
2332876
2332894
2332919
2332935
2332936
2332937
2332959
2332960
2332964
2332968
2332972
2332987
2333020
2333037
2333043
2333063
2333079
2333082
2333083
2333118
2333122
2333154
2333178
2333183
2333201
2333205
2333210
2333236
2333245
2333301
2333313
2333333
2333335
2333341
2333342
2333355
2333366
2333369
2333375
2333387
2333402
2333426
2333436
2333449
2333450
2333451
2333454
2333459
2333469
2333471
2333479
2333534
2333538
2333539
2333547
2333565
2333580
2333582
2333583
2333589
2333619
2333624
2333631
2333656
2333661
2333666
2333672
2333684
2333711
2333734
2333748
2333751
2333757
2333766
2333784
2333807
2333812
2333830
2333841
2333846
2333849
2333856
2333857
2333868
2333883
2333901
2333921
2333922
2333935
2333967
2333991
2333995
2334005
2334033
2334041
2334082
2334096
2334105
2334128
2334148
2334154
2334163
2334185
2334218
2334227
2334228
2334241
2334246
2334253
2334257
2334276
2334281
2334287
2334290
2334293
2334306
2334314
2334318
2334344
2334346
2334348
2334363
2334364
2334378
2334385
2334388
2334389
2334409
2334421
2334439
2334443
2334446
2334448
2334449
2334455
2334488
2334498
2334564
2334567
2334589
2334618
2334622
2334632
2334634
2334635
2334649
2334650
2334680
2334686
2334687
2334695
2334703
2334731
2334783
2334787
2334812
2334818
2334825
2334833
2334861
2334865
2334891
2334895
2334905
2334913
2334936
2334966
2334977
2335006
2335008
2335038
2335072
2335075
2335080
2335087
2335107
2335119
2335120
2335146
2335179
2335212
2335214
2335222
2335226
2335233
2335235
2335243
2335249
2335254
2335256
2335259
2335267
2335298
2335300
2335316
2335352
2335353
2335354
2335359
2335366
2335405
2335422
2335436
2335442
2335449
2335460
2335484
2335485
2335491
2335496
2335498
2335529
2335541
2335550
2335580
2335586
2335591
2335604
2335613
2335622
2335626
2335641
2335647
2335660
2335664
2335669
2335672
2335675
2335676
2335701
2335705
2335722
2335733
2335743
2335748
2335774
2335781
2335785
2335792
2335793
2335819
2335852
2335866
2335869
2335901
2335903
2335907
2335923
2335942
2335944
2335955
2335957
2335966
2335968
2335969
2335972
2335989
2335993
2336005
2336014
2336040
2336045
2336047
2336054
2336070
2336074
2336106
2336122
2336124
2336149
2336154
2336166
2336179
2336185
2336190
2336218
2336225
2336228
2336237
2336244
2336245
2336274
2336279
2336293
2336294
2336309
2336321
2336323
2336352
2336373
2336387
2336388
2336390
2336391
2336399
2336401
2336412
2336440
2336449
2336452
2336454
2336476
2336477
2336480
2336495
2336513
2336517
2336529
2336532
2336538
2336544
2336546
2336555
2336560
2336627
2336629
2336631
2336635
2336656
2336667
2336674
2336691
2336711
2336716
2336728
2336757
2336763
2336764
2336775
2336778
2336782
2336804
2336806
2336809
2336816
2336842
2336860
2336866
2336876
2336883
2336901
2336910
2336927
2336931
2336944
2336947
2336956
2336963
2336970
2336971
2336973
2336991
2337003
2337010
2337035
2337061
2337064
2337089
2337091
2337093
2337151
2337166
2337179
2337192
2337201
2337208
2337225
2337227
2337241
2337256
2337257
2337270
2337282
2337295
2337297
2337304
2337306
2337316
2337341
2337359
2337362
2337365
2337370
2337389
2337395
2337397
2337405
2337425
2337432
2337441
2337444
2337448
2337455
2337491
2337493
2337498
2337533
2337544
2337553
2337567
2337571
2337595
2337597
2337600
2337604
2337608
2337618
2337644
2337678
2337692
2337695
2337701
2337703
2337711
2337727
2337735
2337740
2337744
2337760
2337762
2337771
2337776
2337786
2337795
2337803
2337811
2337812
2337846
2337851
2337867
2337880
2337889
2337891
2337903
2337909
2337916
2337920
2337927
2337951
2337957
2338001
2338005
2338009
2338012
2338020
2338025
2338037
2338056
2338093
2338095
2338118
2338128
2338152
2338174
2338183
2338196
2338216
2338227
2338229
2338237
2338247
2338251
2338254
2338270
2338272
2338277
2338284
2338297
2338316
2338341
2338364
2338369
2338405
2338427
2338437
2338440
2338454
2338464
2338470
2338484
2338508
2338528
2338529
2338533
2338537
2338555
2338571
2338577
2338578
2338585
2338591
2338601
2338620
2338642
2338646
2338652
2338660
2338711
2338717
2338718
2338730
2338760
2338771
2338787
2338793
2338812
2338814
2338816
2338852
2338862
2338869
2338887
2338902
2338904
2338907
2338923
2338945
2338950
2338958
2338964
2338985
2339000
2339027
2339036
2339037
2339041
2339043
2339046
2339058
2339087
2339096
2339097
2339101
2339118
2339121
2339123
2339125
2339138
2339145
2339148
2339159
2339160
2339177
2339181
2339185
2339186
2339191
2339215
2339221
2339224
2339234
2339249
2339250
2339279
2339286
2339292
2339297
2339298
2339318
2339321
2339347
2339351
2339354
2339361
2339362
2339376
2339388
2339391
2339401
2339420
2339425
2339444
2339445
2339455
2339457
2339466
2339467
2339469
2339482
2339485
2339498
2339499
2339507
2339514
2339522
2339535
2339542
2339564
2339566
2339568
2339593
2339603
2339636
2339656
2339666
2339671
2339696
2339707
2339721
2339744
2339758
2339759
2339763
2339765
2339767
2339774
2339786
2339790
2339810
2339812
2339816
2339841
2339852
2339861
2339862
2339877
2339883
2339892
2339894
2339895
2339949
2339951
2339961
2339970
2339999
2340008
2340028
2340029
2340046
2340069
2340094
2340101
2340114
2340116
2340123
2340135
2340136
2340137
2340151
2340160
2340174
2340202
2340218
2340248
2340292
2340309
2340321
2340351
2340352
2340356
2340359
2340367
2340378
2340386
2340436
2340442
2340444
2340486
2340511
2340529
2340532
2340538
2340555
2340560
2340582
2340585
2340590
2340606
2340618
2340620
2340626
2340631
2340632
2340633
2340638
2340639
2340653
2340655
2340663
2340667
2340669
2340682
2340689
2340691
2340695
2340712
2340738
2340742
2340757
2340762
2340795
2340801
2340834
2340835
2340838
2340862
2340890
2340892
2340900
2340910
2340914
2340922
2340938
2340944
2340947
2340964
2340970
2340979
2340989
2340996
2341002
2341004
2341009
2341010
2341018
2341022
2341035
2341039
2341066
2341084
2341123
2341134
2341135
2341184
2341185
2341200
2341239
2341242
2341255
2341259
2341323
2341329
2341332
2341357
2341363
2341364
2341405
2341407
2341411
2341421
2341433
2341457
2341464
2341479
2341480
2341486
2341488
2341518
2341533
2341534
2341544
2341558
2341571
2341574
2341575
2341578
2341583
2341594
2341595
2341597
2341600
2341620
2341625
2341632
2341657
2341660
2341669
2341672
2341685
2341706
2341727
2341728
2341771
2341773
2341775
2341791
2341805
2341817
2341825
2341859
2341863
2341865
2341866
2341882
2341890
2341894
2341906
2341912
2341923
2341932
2341933
2341934
2341971
2341981
2341983
2341985
2341987
2341993
2341994
2342019
2342029
2342038
2342040
2342052
2342075
2342089
2342103
2342163
2342171
2342176
2342190
2342197
2342211
2342214
2342220
2342231
2342255
2342267
2342277
2342280
2342292
2342302
2342305
2342314
2342316
2342323
2342327
2342341
2342383
2342400
2342417
2342448
2342454
2342501
2342510
2342512
2342515
2342547
2342554
2342561
2342584
2342619
2342638
2342641
2342655
2342726
2342733
2342744
2342781
2342782
2342785
2342789
2342807
2342816
2342824
2342851
2342855
2342862
2342886
2342898
2342910
2342918
2342939
2342942
2342946
2342949
2342971
2343007
2343012
2343014
2343030
2343046
2343069
2343085
2343087
2343100
2343121
2343124
2343130
2343133
2343148
2343153
2343165
2343181
2343194
2343208
2343253
2343255
2343257
2343267
2343288
2343291
2343294
2343314
2343320
2343347
2343362
2343390
2343411
2343415
2343423
2343428
2343431
2343433
2343434
2343473
2343480
2343486
2343489
2343491
2343492
2343493
2343499
2343519
2343526
2343532
2343544
2343548
2343553
2343560
2343561
2343563
2343597
2343640
2343679
2343728
2343758
2343763
2343773
2343780
2343788
2343796
2343804
2343815
2343849
2343855
2343920
2343922
2343928
2343951
2343960
2343976
2344016
2344026
2344033
2344039
2344044
2344062
2344066
2344083
2344093
2344107
2344111
2344126
2344132
2344137
2344142
2344175
2344177
2344181
2344192
2344198
2344209
2344216
2344226
2344239
2344245
2344252
2344261
2344274
2344276
2344283
2344299
2344312
2344317
2344322
2344326
2344363
2344368
2344383
2344393
2344407
2344430
2344469
2344483
2344495
2344504
2344514
2344517
2344538
2344543
2344597
2344599
2344668
2344690
2344699
2344701
2344715
2344720
2344729
2344739
2344761
2344762
2344807
2344817
2344818
2344821
2344834
2344845
2344846
2344850
2344865
2344870
2344882
2344885
2344897
2344899
2344905
2344908
2344909
2344941
2344943
2344948
2344950
2344966
2344971
2344985
2344993
2345000
2345014
2345046
2345057
2345062
2345121
2345126
2345132
2345135
2345143
2345144
2345160
2345164
2345168
2345178
2345191
2345192
2345201
2345226
2345237
2345265
2345282
2345285
2345296
2345304
2345313
2345314
2345319
2345320
2345346
2345367
2345398
2345399
2345406
2345421
2345428
2345434
2345447
2345468
2345487
2345498
2345513
2345540
2345557
2345571
2345578
2345599
2345610
2345620
2345624
2345627
2345645
2345655
2345662
2345665
2345668
2345673
2345690
2345699
2345703
2345715
2345723
2345729
2345739
2345765
2345793
2345815
2345836
2345858
2345867
2345873
2345877
2345881
2345891
2345893
2345897
2345899
2345916
2345917
2345925
2345932
2345939
2345940
2345955
2345974
2345975
2345985
2345997
2346029
2346040
2346044
2346047
2346067
2346072
2346082
2346103
2346111
2346125
2346160
2346173
2346180
2346185
2346191
2346193
2346209
2346213
2346222
2346230
2346240
2346247
2346254
2346258
2346261
2346280
2346285
2346299
2346319
2346323
2346334
2346341
2346351
2346354
2346356
2346380
2346390
2346391
2346424
2346452
2346459
2346464
2346481
2346495
2346497
2346500
2346502
2346544
2346548
2346572
2346577
2346596
2346600
2346602
2346604
2346608
2346612
2346618
2346624
2346658
2346669
2346689
2346714
2346715
2346757
2346783
2346784
2346804
2346810
2346811
2346823
2346826
2346831
2346834
2346856
2346871
2346874
2346904
2346920
2346930
2346961
2346963
2346974
2346978
2346982
2346995
2346997
2347019
2347051
2347061
2347063
2347066
2347079
2347117
2347126
2347131
2347156
2347184
2347225
2347229
2347239
2347248
2347258
2347264
2347289
2347295
2347300
2347314
2347316
2347326
2347333
2347335
2347342
2347354
2347385
2347396
2347399
2347402
2347415
2347420
2347424
2347425
2347436
2347457
2347459
2347467
2347478
2347495
2347501
2347502
2347522
2347529
2347532
2347548
2347553
2347559
2347580
2347590
2347611
2347614
2347626
2347638
2347643
2347649
2347655
2347685
2347712
2347733
2347739
2347757
2347774
2347782
2347791
2347800
2347802
2347814
2347825
2347828
2347860
2347869
2347876
2347885
2347894
2347906
2347909
2347915
2347942
2347953
2347971
2347989
2347994
2348061
2348097
2348102
2348111
2348116
2348127
2348130
2348136
2348140
2348155
2348156
2348158
2348168
2348170
2348175
2348180
2348188
2348199
2348217
2348222
2348223
2348234
2348236
2348239
2348251
2348255
2348256
2348263
2348274
2348298
2348308
2348317
2348330
2348341
2348346
2348351
2348354
2348355
2348358
2348362
2348363
2348381
2348407
2348414
2348425
2348431
2348453
2348473
2348480
2348502
2348514
2348524
2348531
2348545
2348573
2348580
2348587
2348596
2348614
2348619
2348620
2348622
2348644
2348648
2348655
2348657
2348675
2348686
2348687
2348688
2348712
2348759
2348771
2348785
2348787
2348790
2348796
2348797
2348823
2348827
2348829
2348837
2348846
2348858
2348877
2348878
2348882
2348883
2348884
2348895
2348904
2348910
2348921
2348928
2348939
2348948
2348951
2348964
2348973
2348982
2348984
2348988
2348993
2349010
2349016
2349025
2349054
2349094
2349107
2349117
2349127
2349128
2349134
2349135
2349141
2349151
2349157
2349169
2349176
2349190
2349193
2349205
2349211
2349220
2349225
2349226
2349236
2349250
2349252
2349258
2349260
2349317
2349321
2349322
2349325
2349343
2349348
2349355
2349358
2349365
2349367
2349406
2349412
2349413
2349415
2349421
2349450
2349453
2349464
2349471
2349483
2349491
2349513
2349524
2349547
2349566
2349588
2349605
2349614
2349634
2349656
2349660
2349666
2349672
2349688
2349693
2349710
2349750
2349786
2349813
2349815
2349822
2349832
2349835
2349842
2349846
2349869
2349890
2349892
2349901
2349906
2349908
2349910
2349920
2349922
2349926
2349933
2349938
2349959
2349976
2349977
2349984
2349987
2350012
2350015
2350028
2350042
2350045
2350053
2350064
2350070
2350093
2350097
2350103
2350111
2350115
2350141
2350156
2350158
2350161
2350164
2350177
2350179
2350229
2350235
2350241
2350251
2350269
2350271
2350273
2350280
2350287
2350289
2350300
2350301
2350304
2350307
2350313
2350316
2350332
2350334
2350342
2350351
2350362
2350364
2350366
2350392
2350397
2350398
2350402
2350405
2350419
2350429
2350431
2350438
2350467
2350479
2350491
2350499
2350516
2350539
2350545
2350558
2350565
2350572
2350577
2350602
2350613
2350619
2350625
2350654
2350680
2350685
2350688
2350701
2350706
2350721
2350722
2350726
2350749
2350751
2350762
2350814
2350834
2350845
2350857
2350861
2350866
2350875
2350877
2350881
2350884
2350889
2350892
2350898
2350906
2350913
2350919
2350931
2350946
2350959
2350973
2350974
2350981
2350989
2350997
2351004
2351027
2351029
2351048
2351074
2351075
2351097
2351104
2351127
2351136
2351138
2351148
2351156
2351168
2351182
2351193
2351198
2351203
2351216
2351224
2351232
2351256
2351258
2351259
2351268
2351274
2351286
2351299
2351302
2351334
2351343
2351345
2351346
2351353
2351375
2351388
2351398
2351404
2351405
2351417
2351431
2351436
2351465
2351470
2351500
2351514
2351522
2351533
2351550
2351563
2351578
2351584
2351610
2351611
2351613
2351623
2351638
2351655
2351660
2351668
2351677
2351682
2351714
2351719
2351731
2351759
2351763
2351811
2351818
2351820
2351836
2351844
2351858
2351868
2351889
2351891
2351912
2351924
2351931
2351938
2351957
2351959
2351968
2351979
2351987
2352021
2352034
2352055
2352069
2352070
2352071
2352075
2352090
2352096
2352112
2352126
2352130
2352134
2352147
2352154
2352158
2352175
2352189
2352192
2352216
2352228
2352255
2352262
2352269
2352287
2352288
2352289
2352292
2352303
2352325
2352332
2352341
2352350
2352364
2352367
2352368
2352377
2352386
2352406
2352417
2352443
2352477
2352486
2352487
2352509
2352529
2352535
2352540
2352546
2352548
2352580
2352588
2352589
2352607
2352640
2352666
2352667
2352683
2352685
2352699
2352705
2352708
2352743
2352751
2352765
2352818
2352843
2352852
2352857
2352858
2352861
2352871
2352881
2352889
2352891
2352894
2352896
2352905
2352918
2352920
2352944
2352950
2352958
2352972
2352976
2352982
2352984
2352993
2352997
2353001
2353003
2353012
2353022
2353023
2353025
2353039
2353055
2353070
2353073
2353092
2353095
2353096
2353097
2353124
2353158
2353168
2353169
2353171
2353174
2353203
2353220
2353237
2353244
2353246
2353275
2353293
2353315
2353352
2353362
2353371
2353383
2353391
2353415
2353447
2353464
2353479
2353480
2353490
2353508
2353512
2353521
2353523
2353557
2353572
2353575
2353580
2353588
2353589
2353610
2353632
2353649
2353663
2353680
2353681
2353700
2353702
2353726
2353732
2353738
2353748
2353780
2353793
2353794
2353795
2353805
2353823
2353828
2353835
2353844
2353848
2353864
2353876
2353880
2353884
2353891
2353929
2353934
2353946
2353967
2353976
2353979
2353994
2354005
2354018
2354038
2354046
2354051
2354056
2354057
2354061
2354062
2354085
2354101
2354121
2354139
2354147
2354154
2354161
2354162
2354170
2354175
2354202
2354208
2354224
2354236
2354250
2354258
2354259
2354286
2354287
2354314
2354324
2354325
2354336
2354340
2354348
2354350
2354353
2354367
2354385
2354398
2354401
2354423
2354424
2354443
2354449
2354451
2354452
2354464
2354471
2354472
2354494
2354501
2354518
2354547
2354559
2354569
2354570
2354591
2354611
2354622
2354630
2354634
2354643
2354647
2354671
2354692
2354713
2354714
2354717
2354719
2354733
2354734
2354736
2354739
2354749
2354750
2354759
2354780
2354792
2354796
2354809
2354817
2354824
2354847
2354858
2354859
2354867
2354868
2354871
2354879
2354901
2354928
2354929
2354933
2354934
2354939
2354943
2354952
2354966
2355035
2355036
2355043
2355051
2355053
2355057
2355064
2355082
2355101
2355109
2355173
2355181
2355219
2355259
2355276
2355287
2355288
2355302
2355312
2355315
2355317
2355348
2355351
2355361
2355368
2355382
2355385
2355386
2355387
2355397
2355401
2355407
2355409
2355426
2355432
2355437
2355439
2355453
2355455
2355456
2355467
2355474
2355490
2355493
2355499
2355501
2355520
2355536
2355562
2355564
2355565
2355572
2355596
2355607
2355629
2355645
2355650
2355652
2355657
2355675
2355679
2355696
2355699
2355703
2355708
2355737
2355745
2355806
2355810
2355885
2355909
2355915
2355929
2355942
2355958
2355964
2355979
2355991
2356001
2356009
2356024
2356043
2356063
2356093
2356101
2356129
2356132
2356155
2356163
2356178
2356182
2356188
2356210
2356265
2356270
2356292
2356323
2356335
2356346
2356365
2356379
2356389
2356391
2356396
2356397
2356398
2356407
2356410
2356417
2356429
2356438
2356462
2356467
2356486
2356492
2356510
2356512
2356552
2356560
2356566
2356578
2356589
2356631
2356645
2356646
2356660
2356664
2356669
2356679
2356703
2356709
2356714
2356720
2356729
2356733
2356772
2356791
2356799
2356807
2356815
2356822
2356826
2356832
2356834
2356837
2356847
2356852
2356864
2356867
2356871
2356880
2356904
2356905
2356911
2356919
2356921
2356932
2356934
2356937
2356947
2356950
2356954
2356978
2356983
2357015
2357016
2357024
2357029
2357051
2357052
2357069
2357073
2357079
2357093
2357108
2357110
2357112
2357123
2357138
2357142
2357154
2357170
2357181
2357196
2357200
2357204
2357219
2357243
2357255
2357258
2357264
2357274
2357275
2357294
2357299
2357308
2357341
2357343
2357352
2357361
2357363
2357394
2357395
2357412
2357418
2357424
2357451
2357453
2357454
2357484
2357493
2357510
2357539
2357548
2357549
2357576
2357578
2357597
2357603
2357607
2357647
2357658
2357661
2357705
2357707
2357717
2357744
2357745
2357758
2357759
2357772
2357777
2357801
2357811
2357817
2357820
2357821
2357848
2357850
2357857
2357873
2357915
2357920
2357927
2357948
2357992
2358024
2358045
2358053
2358057
2358066
2358076
2358103
2358114
2358129
2358138
2358187
2358200
2358209
2358251
2358267
2358273
2358274
2358283
2358300
2358303
2358305
2358318
2358321
2358326
2358336
2358340
2358362
2358375
2358378
2358383
2358386
2358408
2358418
2358431
2358437
2358448
2358472
2358474
2358483
2358484
2358491
2358498
2358503
2358527
2358538
2358542
2358545
2358546
2358568
2358571
2358580
2358592
2358600
2358618
2358625
2358626
2358633
2358653
2358663
2358668
2358694
2358703
2358707
2358713
2358719
2358723
2358724
2358726
2358729
2358743
2358745
2358764
2358785
2358790
2358800
2358801
2358805
2358808
2358811
2358829
2358831
2358837
2358849
2358872
2358887
2358890
2358893
2358895
2358917
2358924
2358934
2358936
2358952
2358959
2358966
2358968
2358997
2359002
2359013
2359043
2359068
2359069
2359080
2359097
2359105
2359112
2359119
2359120
2359136
2359160
2359162
2359164
2359170
2359203
2359215
2359221
2359246
2359257
2359271
2359274
2359305
2359315
2359316
2359338
2359354
2359403
2359421
2359427
2359440
2359444
2359456
2359461
2359465
2359472
2359476
2359492
2359502
2359510
2359528
2359536
2359552
2359571
2359579
2359598
2359623
2359632
2359638
2359666
2359696
2359697
2359705
2359725
2359739
2359745
2359765
2359769
2359792
2359808
2359814
2359864
2359870
2359884
2359913
2359925
2359928
2359935
2359944
2359946
2359954
2359958
2359975
2359988
2359993
2359996
2360022
2360037
2360041
2360048
2360049
2360052
2360053
2360060
2360067
2360068
2360072
2360096
2360101
2360108
2360110
2360117
2360127
2360131
2360132
2360145
2360163
2360171
2360175
2360186
2360205
2360208
2360212
2360222
2360226
2360243
2360244
2360253
2360260
2360310
2360322
2360323
2360326
2360370
2360378
2360392
2360395
2360411
2360425
2360433
2360441
2360445
2360484
2360510
2360519
2360523
2360524
2360527
2360549
2360558
2360570
2360582
2360596
2360605
2360640
2360644
2360645
2360654
2360681
2360720
2360721
2360730
2360734
2360738
2360751
2360757
2360802
2360803
2360814
2360832
2360835
2360874
2360897
2360905
2360910
2360922
2360927
2360971
2360972
2360973
2360979
2360988
2361000
2361017
2361026
2361036
2361067
2361107
2361118
2361119
2361122
2361160
2361172
2361178
2361188
2361192
2361205
2361212
2361219
2361224
2361261
2361268
2361284
2361285
2361296
2361306
2361348
2361357
2361361
2361369
2361374
2361389
2361407
2361413
2361414
2361426
2361439
2361459
2361476
2361490
2361503
2361518
2361529
2361536
2361548
2361553
2361572
2361591
2361594
2361599
2361604
2361607
2361609
2361635
2361638
2361657
2361658
2361661
2361664
2361695
2361713
2361736
2361749
2361753
2361782
2361785
2361786
2361787
2361792
2361803
2361805
2361839
2361847
2361862
2361900
2361913
2361925
2361936
2361942
2361948
2361953
2361963
2361973
2361987
2362000
2362009
2362046
2362054
2362068
2362083
2362095
2362103
2362104
2362120
2362121
2362138
2362141
2362150
2362168
2362180
2362182
2362189
2362195
2362201
2362215
2362240
2362242
2362246
2362247
2362249
2362251
2362253
2362284
2362326
2362330
2362341
2362353
2362373
2362375
2362400
2362407
2362414
2362458
2362474
2362521
2362535
2362548
2362549
2362571
2362590
2362598
2362620
2362643
2362647
2362660
2362663
2362684
2362705
2362710
2362721
2362729
2362761
2362763
2362764
2362787
2362790
2362797
2362809
2362814
2362816
2362822
2362832
2362845
2362850
2362873
2362902
2362943
2362947
2362960
2362964
2362975
2362977
2362992
2363019
2363035
2363052
2363068
2363073
2363090
2363095
2363109
2363115
2363124
2363125
2363134
2363170
2363177
2363183
2363200
2363226
2363227
2363234
2363242
2363245
2363256
2363273
2363274
2363284
2363289
2363320
2363342
2363345
2363350
2363363
2363368
2363374
2363377
2363383
2363397
2363404
2363407
2363410
2363432
2363441
2363442
2363453
2363454
2363468
2363483
2363537
2363542
2363544
2363549
2363554
2363564
2363581
2363611
2363634
2363638
2363648
2363659
2363673
2363674
2363677
2363680
2363713
2363715
2363730
2363731
2363733
2363736
2363764
2363768
2363769
2363773
2363783
2363784
2363786
2363787
2363793
2363827
2363832
2363835
2363841
2363853
2363854
2363860
2363870
2363880
2363893
2363910
2363934
2363953
2363956
2363957
2363966
2363970
2363977
2364039
2364043
2364049
2364068
2364072
2364085
2364088
2364097
2364147
2364150
2364159
2364166
2364198
2364218
2364226
2364235
2364237
2364245
2364247
2364270
2364273
2364277
2364279
2364287
2364307
2364310
2364315
2364318
2364333
2364359
2364379
2364385
2364393
2364396
2364415
2364419
2364424
2364456
2364462
2364480
2364483
2364484
2364485
2364490
2364501
2364550
2364564
2364567
2364570
2364576
2364591
2364627
2364630
2364637
2364641
2364667
2364693
2364707
2364727
2364759
2364764
2364766
2364779
2364788
2364798
2364800
2364824
2364829
2364830
2364831
2364860
2364871
2364898
2364915
2364926
2364930
2364953
2364956
2364963
2364968
2364978
2364994
2364999
2365018
2365022
2365043
2365045
2365047
2365057
2365074
2365093
2365108
2365116
2365119
2365124
2365128
2365129
2365148
2365149
2365161
2365197
2365199
2365200
2365202
2365235
2365242
2365261
2365263
2365310
2365331
2365344
2365351
2365358
2365359
2365378
2365385
2365401
2365407
2365413
2365416
2365438
2365453
2365495
2365510
2365521
2365528
2365555
2365562
2365573
2365588
2365613
2365621
2365631
2365640
2365643
2365644
2365671
2365683
2365686
2365708
2365732
2365737
2365745
2365752
2365764
2365781
2365785
2365790
2365805
2365818
2365847
2365853
2365855
2365879
2365884
2365890
2365925
2365927
2365937
2365962
2365983
2365988
2365992
2365993
2366025
2366026
2366030
2366034
2366060
2366061
2366062
2366068
2366083
2366084
2366091
2366111
2366118
2366152
2366169
2366186
2366191
2366200
2366219
2366243
2366254
2366264
2366265
2366276
2366278
2366280
2366290
2366297
2366310
2366331
2366353
2366363
2366366
2366375
2366392
2366397
2366401
2366403
2366408
2366415
2366432
2366436
2366462
2366465
2366489
2366501
2366509
2366539
2366552
2366555
2366563
2366575
2366576
2366577
2366592
2366594
2366619
2366624
2366638
2366639
2366655
2366673
2366682
2366694
2366696
2366697
2366706
2366715
2366727
2366737
2366738
2366753
2366757
2366770
2366780
2366811
2366817
2366819
2366826
2366835
2366844
2366845
2366855
2366926
2366930
2366931
2366938
2366974
2366977
2366983
2366986
2366999
2367014
2367030
2367036
2367065
2367079
2367085
2367129
2367147
2367162
2367174
2367183
2367228
2367246
2367295
2367312
2367313
2367327
2367338
2367345
2367364
2367367
2367375
2367381
2367409
2367423
2367426
2367428
2367433
2367462
2367496
2367509
2367513
2367534
2367547
2367551
2367558
2367559
2367565
2367596
2367602
2367609
2367610
2367619
2367624
2367642
2367666
2367669
2367707
2367709
2367716
2367730
2367762
2367806
2367839
2367868
2367874
2367885
2367893
2367895
2367899
2367907
2367909
2367923
2367978
2367979
2367991
2368028
2368043
2368053
2368059
2368082
2368092
2368097
2368102
2368105
2368120
2368136
2368138
2368140
2368142
2368146
2368150
2368160
2368164
2368169
2368175
2368184
2368190
2368195
2368199
2368203
